01010
01011
01001
01101
00101
10101
010100000000
010110000000
010111000000
010111100000
010111110000
010111111000
010111111100
010111111110
010111111111
010010000000
011010000000
011011000000
011011100000
011011110000
011011111000
011011111100
011011111110
011011111111
010001000000
011001000000
011101000000
011101100000
011101110000
011101111000
011101111100
011101111110
011101111111
010000100000
011000100000
011100100000
011110100000
011110110000
011110111000
011110111100
011110111110
011110111111
010000010000
011000010000
011100010000
011110010000
011111010000
011111011000
011111011100
011111011110
011111011111
010000001000
011000001000
011100001000
011110001000
011111001000
011111101000
011111101100
011111101110
011111101111
010000000100
011000000100
011100000100
011110000100
011111000100
011111100100
011111110100
011111110110
011111110111
010000000010
011000000010
011100000010
011110000010
011111000010
011111100010
011111110010
011111111010
011111111011
010000000001
011000000001
011100000001
011110000001
011111000001
011111100001
011111110001
011111111001
011111111101
001010000000
101010000000
101011000000
101011100000
101011110000
101011111000
101011111100
101011111110
101011111111
001001000000
101001000000
101101000000
101101100000
101101110000
101101111000
101101111100
101101111110
101101111111
001000100000
101000100000
101100100000
101110100000
101110110000
101110111000
101110111100
101110111110
101110111111
001000010000
101000010000
101100010000
101110010000
101111010000
101111011000
101111011100
101111011110
101111011111
001000001000
101000001000
101100001000
101110001000
101111001000
101111101000
101111101100
101111101110
101111101111
001000000100
101000000100
101100000100
101110000100
101111000100
101111100100
101111110100
101111110110
101111110111
001000000010
101000000010
101100000010
101110000010
101111000010
101111100010
101111110010
101111111010
101111111011
001000000001
101000000001
101100000001
101110000001
101111000001
101111100001
101111110001
101111111001
101111111101
000101000000
100101000000
110101000000
110101100000
110101110000
110101111000
110101111100
110101111110
110101111111
000100100000
100100100000
110100100000
110110100000
110110110000
110110111000
110110111100
110110111110
110110111111
000100010000
100100010000
110100010000
110110010000
110111010000
110111011000
110111011100
110111011110
110111011111
000100001000
100100001000
110100001000
110110001000
110111001000
110111101000
110111101100
110111101110
110111101111
000100000100
100100000100
110100000100
110110000100
110111000100
110111100100
110111110100
110111110110
110111110111
000100000010
100100000010
110100000010
110110000010
110111000010
110111100010
110111110010
110111111010
110111111011
000100000001
100100000001
110100000001
110110000001
110111000001
110111100001
110111110001
110111111001
110111111101
000010100000
100010100000
110010100000
111010100000
111010110000
111010111000
111010111100
111010111110
111010111111
000010010000
100010010000
110010010000
111010010000
111011010000
111011011000
111011011100
111011011110
111011011111
000010001000
100010001000
110010001000
111010001000
111011001000
111011101000
111011101100
111011101110
111011101111
000010000100
100010000100
110010000100
111010000100
111011000100
111011100100
111011110100
111011110110
111011110111
000010000010
100010000010
110010000010
111010000010
111011000010
111011100010
111011110010
111011111010
111011111011
000010000001
100010000001
110010000001
111010000001
111011000001
111011100001
111011110001
111011111001
111011111101
000001010000
100001010000
110001010000
111001010000
111101010000
111101011000
111101011100
111101011110
111101011111
000001001000
100001001000
110001001000
111001001000
111101001000
111101101000
111101101100
111101101110
111101101111
000001000100
100001000100
110001000100
111001000100
111101000100
111101100100
111101110100
111101110110
111101110111
000001000010
100001000010
110001000010
111001000010
111101000010
111101100010
111101110010
111101111010
111101111011
000001000001
100001000001
110001000001
111001000001
111101000001
111101100001
111101110001
111101111001
111101111101
000000101000
100000101000
110000101000
111000101000
111100101000
111110101000
111110101100
111110101110
111110101111
000000100100
100000100100
110000100100
111000100100
111100100100
111110100100
111110110100
111110110110
111110110111
000000100010
100000100010
110000100010
111000100010
111100100010
111110100010
111110110010
111110111010
111110111011
000000100001
100000100001
110000100001
111000100001
111100100001
111110100001
111110110001
111110111001
111110111101
000000010100
100000010100
110000010100
111000010100
111100010100
111110010100
111111010100
111111010110
111111010111
000000010010
100000010010
110000010010
111000010010
111100010010
111110010010
111111010010
111111011010
111111011011
000000010001
100000010001
110000010001
111000010001
111100010001
111110010001
111111010001
111111011001
111111011101
000000001010
100000001010
110000001010
111000001010
111100001010
111110001010
111111001010
111111101010
111111101011
000000001001
100000001001
110000001001
111000001001
111100001001
111110001001
111111001001
111111101001
111111101101
000000000101
100000000101
110000000101
111000000101
111100000101
111110000101
111111000101
111111100101
111111110101
