000101
001001
010001
001010
010010
010100
010111
011011
011101
101011
101101
110101
0101
000101
001001
010001
001010
010010
010100
010111
011011
011101
101011
101101
110101
0000000000101
0000000001001
0000000010001
0000000100001
0000001000001
0000010000001
0000100000001
0001000000001
0010000000001
0100000000001
0000000001010
0000000010010
0000000100010
0000001000010
0000010000010
0000100000010
0001000000010
0010000000010
0100000000010
0000000010100
0000000100100
0000001000100
0000010000100
0000100000100
0001000000100
0010000000100
0100000000100
0000000101000
0000001001000
0000010001000
0000100001000
0001000001000
0010000001000
0100000001000
0000001010000
0000010010000
0000100010000
0001000010000
0010000010000
0100000010000
0000010100000
0000100100000
0001000100000
0010000100000
0100000100000
0000101000000
0001001000000
0010001000000
0100001000000
0001010000000
0010010000000
0100010000000
0010100000000
0100100000000
0101000000000
0101111111111
0110111111111
0111011111111
0111101111111
0111110111111
0111111011111
0111111101111
0111111110111
0111111111011
0111111111101
1010111111111
1011011111111
1011101111111
1011110111111
1011111011111
1011111101111
1011111110111
1011111111011
1011111111101
1101011111111
1101101111111
1101110111111
1101111011111
1101111101111
1101111110111
1101111111011
1101111111101
1110101111111
1110110111111
1110111011111
1110111101111
1110111110111
1110111111011
1110111111101
1111010111111
1111011011111
1111011101111
1111011110111
1111011111011
1111011111101
1111101011111
1111101101111
1111101110111
1111101111011
1111101111101
1111110101111
1111110110111
1111110111011
1111110111101
1111111010111
1111111011011
1111111011101
1111111101011
1111111101101
1111111110101
